	Navy_(Dublin)	Mich_State	Soldier_Field	Oklahoma	BC	USC	ND
Navy_(Dublin)	0	3504	3666	4362	2992	5168	3621
Mich_State	3504	0	174	865	683	1914	117
Soldier_Field	3666	174	0	697	851	1744	74
Oklahoma	4362	865	697	0	1495	1188	749
BC	2992	683	851	1495	0	2595	781
USC	5168	1914	1744	1188	2595	0	1814
ND	3621	117	74	749	781	1814	0